3 0.514063 0.481250 0.046875 0.070833
3 0.784375 0.496875 0.075000 0.052083
3 0.811719 0.418750 0.085938 0.104167
3 0.470313 0.500000 0.065625 0.058333
3 0.782812 0.386458 0.090625 0.081250
3 0.616406 0.567708 0.073438 0.106250
3 0.657812 0.528125 0.062500 0.093750
3 0.698438 0.740625 0.065625 0.110417
3 0.613281 0.748958 0.070312 0.110417
3 0.615625 0.308333 0.075000 0.087500
3 0.646094 0.666667 0.079687 0.108333
3 0.663281 0.373958 0.073438 0.102083
3 0.491406 0.421875 0.076563 0.102083
3 0.616406 0.220833 0.076563 0.116667
3 0.621094 0.428125 0.085938 0.114583