3 0.795313 0.420833 0.103125 0.154167
3 0.623438 0.625000 0.078125 0.120833
3 0.497656 0.392708 0.079687 0.056250
3 0.805469 0.372917 0.076563 0.062500
3 0.698438 0.797917 0.065625 0.100000
3 0.657812 0.591667 0.065625 0.095833
3 0.806250 0.478125 0.084375 0.093750
3 0.614062 0.809375 0.068750 0.106250
3 0.666406 0.436458 0.070312 0.097917
3 0.647656 0.730208 0.079687 0.114583
3 0.490625 0.471875 0.081250 0.106250
3 0.617969 0.370833 0.073438 0.087500
3 0.618750 0.287500 0.075000 0.120833
3 0.622656 0.491667 0.085938 0.116667