3 0.776563 0.726042 0.046875 0.072917
3 0.491406 0.397917 0.082812 0.066667
3 0.809375 0.380208 0.093750 0.081250
3 0.701563 0.672917 0.065625 0.104167
3 0.660156 0.464583 0.064062 0.095833
3 0.619531 0.505208 0.073438 0.102083
3 0.649219 0.602083 0.082812 0.104167
3 0.615625 0.683333 0.068750 0.108333
3 0.780469 0.463542 0.070312 0.097917
3 0.616406 0.244792 0.073438 0.089583
3 0.665625 0.310417 0.075000 0.104167
3 0.621875 0.364583 0.087500 0.120833
3 0.488281 0.475000 0.089063 0.108333
3 0.617188 0.157292 0.078125 0.114583