3 0.793750 0.377083 0.075000 0.058333
3 0.806250 0.492708 0.081250 0.064583
3 0.503125 0.388542 0.075000 0.056250
3 0.508594 0.494792 0.070312 0.056250
3 0.501562 0.439583 0.068750 0.070833
3 0.793750 0.432292 0.075000 0.077083
3 0.596094 0.972917 0.076563 0.054167
3 0.625000 0.367708 0.075000 0.097917
3 0.632031 0.439583 0.073438 0.075000
3 0.605469 0.258333 0.076563 0.075000
3 0.617188 0.053125 0.068750 0.106250
3 0.649219 0.920833 0.079687 0.095833
3 0.611719 0.520833 0.073438 0.108333
3 0.634375 0.814583 0.071875 0.133333
3 0.610937 0.153125 0.084375 0.114583