3 0.700781 0.534375 0.064062 0.106250
3 0.494531 0.388542 0.076563 0.056250
3 0.614062 0.033333 0.081250 0.066667
3 0.617188 0.360417 0.071875 0.108333
3 0.659375 0.323958 0.062500 0.097917
3 0.798437 0.465625 0.103125 0.110417
3 0.808594 0.376042 0.076563 0.072917
3 0.488281 0.457292 0.064062 0.089583
3 0.649219 0.462500 0.079687 0.100000
3 0.663281 0.165625 0.073438 0.106250
3 0.660156 0.895833 0.051562 0.091667
3 0.617188 0.543750 0.068750 0.108333
3 0.615625 0.096875 0.071875 0.089583
3 0.621094 0.218750 0.089063 0.120833