3 0.602344 0.214583 0.045312 0.054167
3 0.794531 0.446875 0.107813 0.131250
3 0.697656 0.461458 0.060937 0.102083
3 0.799219 0.391667 0.089063 0.083333
3 0.489844 0.402083 0.064062 0.079167
3 0.612500 0.036458 0.075000 0.068750
3 0.614062 0.476042 0.068750 0.110417
3 0.660937 0.094792 0.078125 0.110417
3 0.647656 0.391667 0.082812 0.100000
3 0.496875 0.473958 0.075000 0.102083
3 0.657812 0.827083 0.053125 0.091667
3 0.658594 0.254167 0.060937 0.100000
3 0.615625 0.292708 0.071875 0.110417
3 0.619531 0.146875 0.089063 0.122917