3 0.810156 0.405208 0.079687 0.097917
3 0.778125 0.387500 0.068750 0.075000
3 0.660937 0.372917 0.059375 0.095833
3 0.620313 0.408333 0.078125 0.112500
3 0.793750 0.488542 0.087500 0.072917
3 0.702344 0.582292 0.067187 0.097917
3 0.617188 0.591667 0.071875 0.104167
3 0.650000 0.510417 0.081250 0.104167
3 0.489062 0.493750 0.059375 0.066667
3 0.660937 0.943750 0.053125 0.100000
3 0.615625 0.148958 0.075000 0.089583
3 0.492969 0.413542 0.082812 0.102083
3 0.663281 0.215625 0.076563 0.110417
3 0.621094 0.269792 0.085938 0.118750
3 0.615625 0.060417 0.078125 0.112500