3 0.829687 0.497917 0.053125 0.054167
3 0.699219 0.707292 0.064062 0.110417
3 0.804688 0.394792 0.087500 0.106250
3 0.659375 0.494792 0.062500 0.093750
3 0.615625 0.277083 0.071875 0.087500
3 0.618750 0.536458 0.075000 0.106250
3 0.614062 0.716667 0.068750 0.108333
3 0.782031 0.482292 0.073438 0.081250
3 0.492969 0.405208 0.082812 0.081250
3 0.485938 0.487500 0.090625 0.083333
3 0.647656 0.635417 0.079687 0.108333
3 0.664844 0.341667 0.073438 0.100000
3 0.621094 0.396875 0.085938 0.118750
3 0.616406 0.188542 0.076563 0.114583