3 0.475781 0.416667 0.060937 0.066667
3 0.810938 0.462500 0.078125 0.091667
3 0.701563 0.637500 0.065625 0.108333
3 0.650000 0.567708 0.081250 0.102083
3 0.619531 0.469792 0.073438 0.106250
3 0.660156 0.975000 0.051562 0.050000
3 0.660937 0.429167 0.062500 0.091667
3 0.616406 0.650000 0.070312 0.108333
3 0.778906 0.428125 0.067187 0.093750
3 0.665625 0.272917 0.075000 0.104167
3 0.616406 0.206250 0.073438 0.091667
3 0.489844 0.457292 0.085938 0.122917
3 0.617188 0.117708 0.078125 0.114583
3 0.621875 0.327083 0.087500 0.116667