3 0.607813 0.308333 0.046875 0.045833
3 0.799219 0.384375 0.107813 0.089583
3 0.660937 0.342708 0.059375 0.097917
3 0.487500 0.478125 0.062500 0.089583
3 0.799219 0.473958 0.095312 0.097917
3 0.702344 0.555208 0.067187 0.106250
3 0.494531 0.400000 0.082812 0.075000
3 0.617188 0.566667 0.071875 0.108333
3 0.650781 0.482292 0.082812 0.102083
3 0.615625 0.043750 0.081250 0.087500
3 0.619531 0.380208 0.076563 0.110417
3 0.665625 0.185417 0.075000 0.104167
3 0.614844 0.120833 0.076563 0.087500
3 0.660156 0.914583 0.051562 0.095833
3 0.621875 0.238542 0.087500 0.122917