3 0.779688 0.490625 0.078125 0.064583
3 0.805469 0.452083 0.073438 0.075000
3 0.660156 0.680208 0.064062 0.097917
3 0.625781 0.716667 0.085938 0.116667
3 0.493750 0.464583 0.081250 0.104167
3 0.701563 0.890625 0.065625 0.102083
3 0.615625 0.901042 0.071875 0.106250
3 0.496875 0.405208 0.078125 0.081250
3 0.803906 0.389583 0.073438 0.087500
3 0.667188 0.527083 0.071875 0.095833
3 0.621094 0.464583 0.073438 0.083333
3 0.624219 0.587500 0.085938 0.129167
3 0.651563 0.820833 0.084375 0.116667
3 0.621094 0.379167 0.076563 0.125000