0 0.635156 0.941667 0.067187 0.116667
0 0.705469 0.966667 0.079687 0.066667
0 0.659375 0.032292 0.062500 0.064583
0 0.653125 0.282292 0.078125 0.106250
0 0.488281 0.396875 0.076563 0.072917
0 0.797656 0.478125 0.089063 0.097917
0 0.798437 0.390625 0.087500 0.089583
0 0.496094 0.476042 0.067187 0.089583
0 0.654688 0.678125 0.071875 0.110417
0 0.628906 0.101042 0.076563 0.114583
0 0.632812 0.798958 0.084375 0.114583
0 0.645312 0.383333 0.078125 0.112500
0 0.703125 0.785417 0.075000 0.120833
0 0.645312 0.493750 0.096875 0.116667