0 0.706250 0.954167 0.081250 0.087500
0 0.657031 0.021875 0.060937 0.043750
0 0.634375 0.925000 0.068750 0.125000
0 0.488281 0.386458 0.076563 0.056250
0 0.800781 0.379167 0.098437 0.075000
0 0.701563 0.764583 0.078125 0.120833
0 0.629687 0.081250 0.078125 0.116667
0 0.632812 0.778125 0.084375 0.114583
0 0.796094 0.465625 0.089063 0.110417
0 0.496875 0.463542 0.068750 0.106250
0 0.645312 0.359375 0.078125 0.110417
0 0.652344 0.259375 0.079687 0.106250
0 0.653906 0.656250 0.073438 0.108333
0 0.644531 0.472917 0.098437 0.116667