0 0.796875 0.498958 0.093750 0.060417
0 0.599219 0.035417 0.070312 0.066667
0 0.494531 0.497917 0.067187 0.045833
0 0.637500 0.963542 0.068750 0.072917
0 0.703906 0.831250 0.076563 0.120833
0 0.659375 0.056250 0.065625 0.112500
0 0.489062 0.429167 0.071875 0.091667
0 0.634375 0.845833 0.084375 0.116667
0 0.654688 0.327083 0.078125 0.104167
0 0.629687 0.150000 0.078125 0.112500
0 0.654688 0.723958 0.075000 0.114583
0 0.646094 0.426042 0.079687 0.110417
0 0.800000 0.426042 0.087500 0.106250
0 0.644531 0.538542 0.098437 0.114583