0 0.701563 0.729167 0.081250 0.133333
0 0.631250 0.678125 0.068750 0.122917
0 0.489844 0.493750 0.092188 0.062500
0 0.485156 0.409375 0.076563 0.097917
0 0.826563 0.493750 0.059375 0.066667
0 0.796094 0.402083 0.085938 0.104167
0 0.649219 0.028125 0.082812 0.056250
0 0.771094 0.490625 0.060937 0.068750
0 0.698438 0.519792 0.078125 0.118750
0 0.626562 0.527083 0.084375 0.112500
0 0.650000 0.407292 0.075000 0.106250
0 0.660156 0.960417 0.089063 0.079167
0 0.641406 0.106250 0.079687 0.120833
0 0.641406 0.221875 0.098437 0.118750
0 0.644531 0.871875 0.079687 0.114583