0 0.692969 0.380208 0.085938 0.114583
0 0.802344 0.501042 0.064062 0.052083
0 0.642187 0.017708 0.059375 0.031250
0 0.648438 0.269792 0.075000 0.114583
0 0.494531 0.404167 0.092188 0.091667
0 0.498437 0.503125 0.071875 0.043750
0 0.628906 0.544792 0.067187 0.118750
0 0.698438 0.593750 0.081250 0.125000
0 0.639063 0.084375 0.100000 0.118750
0 0.660937 0.958333 0.084375 0.083333
0 0.658594 0.855208 0.085938 0.131250
0 0.642187 0.737500 0.078125 0.112500
0 0.816406 0.397297 0.071875 0.097297
0 0.765625 0.393243 0.053125 0.075676
0 0.625781 0.400676 0.092187 0.109459