0 0.696094 0.359375 0.082812 0.110417
0 0.647656 0.248958 0.073438 0.114583
0 0.623438 0.372917 0.084375 0.112500
0 0.637500 0.063542 0.100000 0.122917
0 0.492969 0.395833 0.095312 0.075000
0 0.497656 0.492708 0.073438 0.060417
0 0.627344 0.522917 0.067187 0.120833
0 0.699219 0.570833 0.079687 0.125000
0 0.660156 0.947917 0.082812 0.104167
0 0.642187 0.715625 0.078125 0.114583
0 0.657812 0.834375 0.084375 0.131250
0 0.816797 0.387838 0.069531 0.072973
0 0.764844 0.380405 0.037500 0.047297
0 0.806250 0.487838 0.048438 0.067568