0 0.700781 0.708333 0.079687 0.129167
0 0.630469 0.658333 0.067187 0.120833
0 0.646875 0.020833 0.081250 0.037500
0 0.487500 0.400000 0.075000 0.083333
0 0.492188 0.481250 0.090625 0.083333
0 0.823438 0.481250 0.059375 0.087500
0 0.660156 0.951042 0.085938 0.097917
0 0.626562 0.507292 0.084375 0.110417
0 0.770312 0.480208 0.059375 0.085417
0 0.797656 0.391667 0.085938 0.087500
0 0.645312 0.850000 0.078125 0.116667
0 0.698438 0.501042 0.078125 0.118750
0 0.649219 0.386458 0.073438 0.106250
0 0.639844 0.201042 0.098437 0.122917
0 0.641406 0.086458 0.079687 0.118750