0 0.625781 0.329167 0.076563 0.141667
0 0.701563 0.341667 0.078125 0.120833
0 0.646875 0.202083 0.075000 0.116667
0 0.638281 0.038542 0.104687 0.077083
0 0.492969 0.382292 0.085938 0.047917
0 0.626562 0.477083 0.065625 0.120833
0 0.696875 0.525000 0.081250 0.125000
0 0.660156 0.904167 0.082812 0.104167
0 0.642187 0.670833 0.078125 0.112500
0 0.657812 0.788542 0.084375 0.131250
0 0.500781 0.472297 0.065625 0.101351
0 0.456641 0.496622 0.042969 0.052703
0 0.801172 0.463514 0.061719 0.089189
0 0.780859 0.502027 0.074219 0.068919