0 0.633594 0.984375 0.051562 0.031250
0 0.488281 0.390625 0.067187 0.060417
0 0.600781 0.054167 0.070312 0.108333
0 0.788281 0.382292 0.079687 0.068750
0 0.801562 0.466667 0.084375 0.108333
0 0.489062 0.468750 0.071875 0.095833
0 0.630469 0.191667 0.076563 0.112500
0 0.661719 0.090625 0.064062 0.127083
0 0.653906 0.369792 0.076563 0.102083
0 0.656250 0.766667 0.075000 0.116667
0 0.646875 0.469792 0.078125 0.110417
0 0.703906 0.873958 0.076563 0.122917
0 0.634375 0.889583 0.084375 0.116667
0 0.646094 0.583333 0.095312 0.116667