0 0.790625 0.372917 0.081250 0.058333
0 0.604688 0.043750 0.071875 0.087500
0 0.490625 0.381250 0.068750 0.045833
0 0.660156 0.070833 0.064062 0.125000
0 0.635156 0.975000 0.060937 0.050000
0 0.653906 0.348958 0.076563 0.102083
0 0.487500 0.448958 0.075000 0.093750
0 0.800781 0.443750 0.085938 0.104167
0 0.631250 0.170833 0.075000 0.112500
0 0.655469 0.743750 0.073438 0.112500
0 0.646875 0.448958 0.078125 0.110417
0 0.633594 0.867708 0.082812 0.114583
0 0.704687 0.852083 0.075000 0.120833
0 0.645312 0.560417 0.096875 0.120833