0 0.704687 0.976042 0.071875 0.047917
0 0.600781 0.016667 0.051562 0.033333
0 0.635938 0.951042 0.065625 0.097917
0 0.796875 0.484375 0.093750 0.085417
0 0.659375 0.044792 0.062500 0.085417
0 0.798437 0.402083 0.090625 0.104167
0 0.496875 0.488542 0.068750 0.072917
0 0.653125 0.302083 0.078125 0.104167
0 0.489062 0.406250 0.071875 0.091667
0 0.653906 0.700000 0.073438 0.112500
0 0.632812 0.820833 0.084375 0.116667
0 0.645312 0.403125 0.078125 0.114583
0 0.701563 0.807292 0.078125 0.122917
0 0.628906 0.121875 0.076563 0.114583
0 0.645312 0.516667 0.096875 0.116667