0 0.625781 0.351042 0.082812 0.127083
0 0.646875 0.226042 0.075000 0.114583
0 0.698438 0.550000 0.081250 0.125000
0 0.635938 0.051042 0.103125 0.102083
0 0.628125 0.503125 0.068750 0.122917
0 0.659375 0.929167 0.081250 0.100000
0 0.657812 0.813542 0.084375 0.127083
0 0.642187 0.695833 0.078125 0.116667
0 0.817578 0.379730 0.061719 0.075676
0 0.768359 0.378378 0.039844 0.043243
0 0.517578 0.388514 0.044531 0.055405
0 0.482031 0.385811 0.042188 0.055405
0 0.500391 0.487162 0.080469 0.074324
0 0.778906 0.508784 0.060937 0.063514
0 0.803516 0.480405 0.052344 0.079730